9.419999999999999485e-01
9.390000000000000568e-01
9.350000000000000533e-01
9.579999999999999627e-01
9.449999999999999512e-01
9.559999999999999609e-01
9.679999999999999716e-01
9.459999999999999520e-01
9.449999999999999512e-01
9.529999999999999583e-01
9.479999999999999538e-01
9.409999999999999476e-01
9.519999999999999574e-01
9.509999999999999565e-01
9.479999999999999538e-01
9.300000000000000488e-01
9.300000000000000488e-01
9.479999999999999538e-01
9.359999999999999432e-01
9.330000000000000515e-01
9.330000000000000515e-01
9.489999999999999547e-01
9.370000000000000551e-01
8.980000000000000204e-01
9.449999999999999512e-01
9.070000000000000284e-01
9.459999999999999520e-01
9.429999999999999494e-01
9.509999999999999565e-01
9.240000000000000435e-01
8.449999999999999734e-01
9.559999999999999609e-01
9.389999999999999458e-01
8.810000000000000053e-01
9.130000000000000338e-01
9.429999999999999494e-01
8.649999999999999911e-01
9.110000000000000320e-01
9.170000000000000373e-01
9.280000000000000471e-01
8.419999999999999707e-01
9.040000000000000258e-01
9.180000000000000382e-01
8.220000000000000639e-01
9.110000000000000320e-01
9.010000000000000231e-01
8.920000000000000151e-01
8.619999999999999885e-01
9.140000000000000346e-01
9.140000000000000346e-01
9.220000000000000417e-01
8.790000000000000036e-01
8.750000000000000000e-01
7.680000000000000160e-01
9.100000000000000311e-01
8.810000000000000053e-01
9.180000000000000382e-01
9.260000000000000453e-01
9.270000000000000462e-01
8.669999999999999929e-01
9.090000000000000302e-01
7.469999999999999973e-01
9.100000000000000311e-01
8.870000000000000107e-01
8.359999999999999654e-01
5.720000000000000639e-01
8.760000000000000009e-01
8.649999999999999911e-01
8.890000000000000124e-01
8.629999999999999893e-01
8.649999999999999911e-01
8.780000000000000027e-01
8.750000000000000000e-01
8.709999999999999964e-01
9.090000000000000302e-01
8.229999999999999538e-01
8.529999999999999805e-01
8.140000000000000568e-01
8.719999999999999973e-01
8.800000000000000044e-01
8.860000000000000098e-01
8.549999999999999822e-01
8.679999999999999938e-01
9.000000000000000222e-01
8.810000000000000053e-01
7.010000000000000675e-01
7.279999999999999805e-01
8.569999999999999840e-01
8.399999999999999689e-01
9.010000000000000231e-01
6.490000000000000213e-01
7.910000000000000364e-01
8.489999999999999769e-01
8.100000000000000533e-01
6.109999999999999876e-01
6.650000000000000355e-01
8.639999999999999902e-01
7.329999999999999849e-01
8.049999999999999378e-01
8.639999999999999902e-01
7.059999999999999609e-01
8.609999999999999876e-01
8.439999999999999725e-01
7.139999999999999680e-01
8.830000000000000071e-01
6.440000000000000169e-01
6.179999999999999938e-01
4.579999999999999627e-01
1.820000000000000506e-01
8.409999999999999698e-01
4.919999999999999929e-01
8.429999999999999716e-01
6.970000000000000639e-01
2.990000000000000435e-01
8.429999999999999716e-01
7.039999999999999591e-01
7.680000000000000160e-01
6.790000000000000480e-01
1.889999999999999458e-01
5.849999999999999645e-01
