9.325999999999999845e-01
9.350000000000000533e-01
9.365999999999999881e-01
9.382000000000000339e-01
9.425999999999999934e-01
9.312000000000000277e-01
9.280000000000000471e-01
9.435999999999999943e-01
9.365999999999999881e-01
9.367999999999999661e-01
9.317999999999999616e-01
9.302000000000000268e-01
9.317999999999999616e-01
9.339999999999999414e-01
9.330000000000000515e-01
9.233999999999999986e-01
9.225999999999999757e-01
9.367999999999999661e-01
9.302000000000000268e-01
9.379999999999999449e-01
9.127999999999999448e-01
9.190000000000000391e-01
8.364000000000000323e-01
9.150000000000000355e-01
8.387999999999999901e-01
9.092000000000000082e-01
9.105999999999999650e-01
9.187999999999999501e-01
9.225999999999999757e-01
9.220000000000000417e-01
9.193999999999999950e-01
9.180000000000000382e-01
9.254000000000000004e-01
9.252000000000000224e-01
9.133999999999999897e-01
9.207999999999999519e-01
9.287999999999999590e-01
9.143999999999999906e-01
9.274000000000000021e-01
9.202000000000000179e-01
7.738000000000000433e-01
9.043999999999999817e-01
9.075999999999999623e-01
8.487999999999999989e-01
9.143999999999999906e-01
8.951999999999999957e-01
9.190000000000000391e-01
8.978000000000000425e-01
9.117999999999999439e-01
8.908000000000000362e-01
8.963999999999999746e-01
8.881999999999999895e-01
9.152000000000000135e-01
9.063999999999999835e-01
8.140000000000000568e-01
9.110000000000000320e-01
8.766000000000000458e-01
7.803999999999999826e-01
8.456000000000000183e-01
9.053999999999999826e-01
7.753999999999999782e-01
8.983999999999999764e-01
8.701999999999999735e-01
7.530000000000000027e-01
7.571999999999999842e-01
8.618000000000000105e-01
8.673999999999999488e-01
8.681999999999999718e-01
8.306000000000000050e-01
8.256000000000000005e-01
6.764000000000000012e-01
8.973999999999999755e-01
8.751999999999999780e-01
8.931999999999999940e-01
7.414000000000000590e-01
7.805999999999999606e-01
8.693999999999999506e-01
6.784000000000000030e-01
8.177999999999999714e-01
8.870000000000000107e-01
5.110000000000000098e-01
7.070000000000000728e-01
8.379999999999999671e-01
8.332000000000000517e-01
8.606000000000000316e-01
8.447999999999999954e-01
7.488000000000000211e-01
7.106000000000000094e-01
8.287999999999999812e-01
8.621999999999999664e-01
8.092000000000000304e-01
8.526000000000000245e-01
7.840000000000000302e-01
8.175999999999999934e-01
7.720000000000000195e-01
8.499999999999999778e-01
7.069999999999999618e-01
7.636000000000000565e-01
4.544000000000000261e-01
7.488000000000000211e-01
