8.960000000000000187e-01
9.332000000000000295e-01
9.320000000000000506e-01
9.295999999999999819e-01
9.327999999999999625e-01
9.504000000000000226e-01
9.265999999999999792e-01
9.040000000000000258e-01
9.437999999999999723e-01
9.355999999999999872e-01
9.320000000000000506e-01
9.307999999999999607e-01
9.462000000000000410e-01
9.085999999999999632e-01
9.319999999999999396e-01
9.093999999999999861e-01
9.277999999999999581e-01
9.334000000000000075e-01
9.197999999999999510e-01
9.312000000000000277e-01
8.891999999999999904e-01
9.305999999999999828e-01
7.773999999999999799e-01
9.073999999999999844e-01
8.960000000000000187e-01
7.398000000000000131e-01
9.217999999999999527e-01
8.427999999999999936e-01
9.359999999999999432e-01
8.921999999999999931e-01
8.175999999999999934e-01
9.118000000000000549e-01
8.549999999999999822e-01
8.546000000000000263e-01
7.409999999999999920e-01
8.880000000000000115e-01
9.155999999999999694e-01
9.150000000000000355e-01
9.250000000000000444e-01
9.165999999999999703e-01
7.478000000000000203e-01
9.068000000000000504e-01
9.142000000000000126e-01
8.871999999999999886e-01
8.513999999999999346e-01
8.706000000000000405e-01
8.798000000000000265e-01
9.285999999999999810e-01
9.012000000000000011e-01
9.085999999999999632e-01
8.009999999999999343e-01
5.682000000000000384e-01
6.977999999999999758e-01
7.982000000000000206e-01
8.928000000000000380e-01
9.147999999999999465e-01
8.379999999999999671e-01
8.950000000000000178e-01
6.059999999999999831e-01
7.423999999999999488e-01
5.917999999999999927e-01
7.840000000000000302e-01
8.851999999999999869e-01
5.500000000000000444e-01
5.500000000000000444e-01
8.729999999999999982e-01
6.908000000000000806e-01
7.022000000000000464e-01
7.770000000000000240e-01
8.803999999999999604e-01
6.865999999999999881e-01
8.134000000000000119e-01
4.135999999999999677e-01
7.289999999999999813e-01
6.410000000000000142e-01
4.848000000000000087e-01
5.085999999999999410e-01
8.983999999999999764e-01
3.444000000000000394e-01
7.329999999999999849e-01
2.141999999999999460e-01
3.322000000000000508e-01
2.311999999999999611e-01
8.511999999999999567e-01
8.267999999999999794e-01
5.962000000000000632e-01
7.057999999999999829e-01
5.987999999999999989e-01
7.429999999999999938e-01
8.456000000000000183e-01
5.678000000000000824e-01
6.431999999999999940e-01
6.606000000000000760e-01
3.840000000000000080e-01
7.708000000000000407e-01
2.852000000000000091e-01
7.284000000000000474e-01
4.223999999999999977e-01
8.818000000000000282e-01
4.033999999999999808e-01
