9.412000000000000366e-01
9.365999999999999881e-01
9.262000000000000233e-01
9.395999999999999908e-01
9.477999999999999758e-01
9.447999999999999732e-01
9.322000000000000286e-01
9.350000000000000533e-01
9.492000000000000437e-01
9.213999999999999968e-01
9.467999999999999750e-01
9.247999999999999554e-01
9.262000000000000233e-01
9.367999999999999661e-01
9.405999999999999917e-01
9.230000000000000426e-01
9.385999999999999899e-01
9.294000000000000039e-01
9.265999999999999792e-01
9.399999999999999467e-01
8.945999999999999508e-01
8.955999999999999517e-01
9.100000000000000311e-01
9.062000000000000055e-01
8.851999999999999869e-01
9.052000000000000046e-01
9.028000000000000469e-01
9.297999999999999599e-01
9.070000000000000284e-01
8.628000000000000114e-01
9.172000000000000153e-01
9.123999999999999888e-01
8.995999999999999552e-01
9.075999999999999623e-01
9.412000000000000366e-01
9.197999999999999510e-01
8.220000000000000639e-01
9.347999999999999643e-01
9.223999999999999977e-01
9.410000000000000586e-01
9.045999999999999597e-01
8.689999999999999947e-01
8.998000000000000442e-01
9.260000000000000453e-01
9.232000000000000206e-01
6.815999999999999837e-01
9.043999999999999817e-01
9.080000000000000293e-01
8.656000000000000361e-01
8.988000000000000433e-01
9.030000000000000249e-01
7.299999999999999822e-01
9.008000000000000451e-01
7.912000000000000144e-01
8.508000000000000007e-01
9.132000000000000117e-01
9.072000000000000064e-01
9.105999999999999650e-01
8.337999999999999856e-01
9.222000000000000197e-01
8.477999999999999980e-01
7.952000000000000179e-01
8.961999999999999966e-01
8.840000000000000080e-01
7.365999999999999215e-01
6.420000000000000151e-01
8.342000000000000526e-01
8.831999999999999851e-01
8.329999999999999627e-01
7.873999999999999888e-01
8.793999999999999595e-01
8.886000000000000565e-01
9.040000000000000258e-01
8.803999999999999604e-01
8.217999999999999750e-01
7.658000000000000362e-01
6.659999999999999254e-01
8.841999999999999860e-01
8.598000000000000087e-01
8.881999999999999895e-01
8.185999999999999943e-01
6.768000000000000682e-01
8.588000000000000078e-01
6.605999999999999650e-01
8.516000000000000236e-01
7.471999999999999753e-01
5.900000000000000799e-01
4.352000000000000313e-01
5.515999999999999792e-01
7.610000000000000098e-01
6.830000000000000515e-01
8.813999999999999613e-01
6.657999999999999474e-01
6.543999999999999817e-01
3.661999999999999700e-01
7.676000000000000600e-01
7.635999999999999455e-01
7.691999999999999948e-01
6.728000000000000647e-01
8.372000000000000552e-01
