9.319999999999999396e-01
9.275999999999999801e-01
9.479999999999999538e-01
9.305999999999999828e-01
9.454000000000000181e-01
9.267999999999999572e-01
9.494000000000000217e-01
9.312000000000000277e-01
9.370000000000000551e-01
9.429999999999999494e-01
9.522000000000000464e-01
9.274000000000000021e-01
9.260000000000000453e-01
9.439999999999999503e-01
9.524000000000000243e-01
9.449999999999999512e-01
9.362000000000000322e-01
9.274000000000000021e-01
9.330000000000000515e-01
9.312000000000000277e-01
9.192000000000000171e-01
9.257999999999999563e-01
9.262000000000000233e-01
8.815999999999999392e-01
9.220000000000000417e-01
9.317999999999999616e-01
9.173999999999999932e-01
9.082000000000000073e-01
9.110000000000000320e-01
9.405999999999999917e-01
9.267999999999999572e-01
9.093999999999999861e-01
9.237999999999999545e-01
9.213999999999999968e-01
9.282000000000000250e-01
9.254000000000000004e-01
9.193999999999999950e-01
9.053999999999999826e-01
9.193999999999999950e-01
9.097999999999999421e-01
9.102000000000000091e-01
8.950000000000000178e-01
8.881999999999999895e-01
9.233999999999999986e-01
9.015999999999999570e-01
9.008000000000000451e-01
8.588000000000000078e-01
8.833999999999999631e-01
9.065999999999999615e-01
9.115999999999999659e-01
9.143999999999999906e-01
9.148000000000000576e-01
8.284000000000000252e-01
8.684000000000000608e-01
9.172000000000000153e-01
9.282000000000000250e-01
9.048000000000000487e-01
8.793999999999999595e-01
9.075999999999999623e-01
8.841999999999999860e-01
8.811999999999999833e-01
8.931999999999999940e-01
8.843999999999999639e-01
8.349999999999999645e-01
7.328000000000000069e-01
8.750000000000000000e-01
8.750000000000000000e-01
8.803999999999999604e-01
8.793999999999999595e-01
8.806000000000000494e-01
7.910000000000000364e-01
8.875999999999999446e-01
9.083999999999999853e-01
8.646000000000000352e-01
9.120000000000000329e-01
7.645999999999999464e-01
8.873999999999999666e-01
8.913999999999999702e-01
8.910000000000000142e-01
9.092000000000000082e-01
8.748000000000000220e-01
7.947999999999999510e-01
8.396000000000000130e-01
8.661999999999999700e-01
6.824000000000000066e-01
8.501999999999999558e-01
8.199999999999999512e-01
7.985999999999999766e-01
8.564000000000000501e-01
8.918000000000000371e-01
7.963999999999999968e-01
8.528000000000000025e-01
7.696000000000000618e-01
6.925999999999999934e-01
8.731999999999999762e-01
8.633999999999999453e-01
8.669999999999999929e-01
5.887999999999999901e-01
8.641999999999999682e-01
8.691999999999999726e-01
