9.482000000000000428e-01
9.210000000000000409e-01
9.262000000000000233e-01
9.297999999999999599e-01
9.287999999999999590e-01
9.312000000000000277e-01
9.235999999999999766e-01
9.295999999999999819e-01
9.312000000000000277e-01
9.335999999999999854e-01
9.242000000000000215e-01
9.242000000000000215e-01
9.262000000000000233e-01
9.280000000000000471e-01
9.362000000000000322e-01
9.294000000000000039e-01
9.290000000000000480e-01
9.509999999999999565e-01
9.295999999999999819e-01
9.294000000000000039e-01
9.227999999999999536e-01
9.240000000000000435e-01
8.870000000000000107e-01
9.153999999999999915e-01
9.317999999999999616e-01
9.183999999999999941e-01
9.140000000000000346e-01
9.245999999999999774e-01
8.097999999999999643e-01
8.097999999999999643e-01
9.284000000000000030e-01
8.606000000000000316e-01
8.811999999999999833e-01
8.467999999999999972e-01
9.103999999999999870e-01
9.120000000000000329e-01
8.185999999999999943e-01
9.240000000000000435e-01
7.449999999999999956e-01
9.153999999999999915e-01
8.444000000000000394e-01
9.153999999999999915e-01
7.558000000000000274e-01
8.813999999999999613e-01
8.648000000000000131e-01
9.145999999999999686e-01
9.230000000000000426e-01
3.706000000000000405e-01
7.823999999999999844e-01
8.052000000000000268e-01
8.619999999999999885e-01
8.377999999999999892e-01
9.122000000000000108e-01
8.132000000000000339e-01
9.122000000000000108e-01
9.155999999999999694e-01
5.860000000000000764e-01
9.070000000000000284e-01
6.016000000000000236e-01
7.449999999999999956e-01
8.821999999999999842e-01
7.683999999999999719e-01
8.838000000000000300e-01
5.514000000000000012e-01
8.120000000000000551e-01
7.965999999999999748e-01
7.518000000000000238e-01
8.075999999999999845e-01
7.913999999999999924e-01
1.672000000000000153e-01
1.777999999999999581e-01
7.782000000000000028e-01
8.045999999999999819e-01
7.206000000000000183e-01
7.433999999999999497e-01
7.865999999999999659e-01
7.658000000000000362e-01
6.089999999999999858e-01
8.579999999999999849e-01
8.816000000000000503e-01
8.938000000000000389e-01
5.779999999999999583e-01
1.613999999999999879e-01
7.241999999999999549e-01
5.383999999999999897e-01
8.699999999999999956e-01
8.184000000000000163e-01
7.321999999999999620e-01
5.624000000000000110e-01
1.391999999999999904e-01
4.270000000000000462e-01
5.769999999999999574e-01
7.790000000000000258e-01
3.334000000000000297e-01
5.061999999999999833e-01
7.863999999999999879e-01
8.010000000000000453e-01
5.921999999999999487e-01
4.989999999999999991e-01
7.875999999999999668e-01
