9.360000000000000542e-01
9.453333333333333588e-01
9.293333333333333446e-01
9.253333333333333410e-01
9.426666666666666528e-01
9.326666666666666439e-01
9.140000000000000346e-01
9.413333333333333552e-01
9.306666666666666421e-01
9.273333333333333428e-01
9.399999999999999467e-01
9.413333333333333552e-01
9.486666666666666581e-01
9.326666666666666439e-01
9.353333333333333499e-01
9.200000000000000400e-01
9.193333333333333357e-01
9.366666666666666474e-01
9.360000000000000542e-01
9.246666666666666368e-01
9.306666666666666421e-01
9.253333333333333410e-01
9.240000000000000435e-01
9.386666666666666492e-01
8.900000000000000133e-01
9.193333333333333357e-01
9.413333333333333552e-01
8.753333333333332966e-01
8.980000000000000204e-01
9.173333333333333339e-01
9.086666666666666226e-01
9.193333333333333357e-01
9.499999999999999556e-01
9.226666666666666350e-01
9.126666666666666261e-01
9.213333333333333375e-01
9.140000000000000346e-01
9.293333333333333446e-01
9.280000000000000471e-01
9.240000000000000435e-01
8.213333333333333597e-01
9.280000000000000471e-01
8.800000000000000044e-01
9.200000000000000400e-01
8.920000000000000151e-01
9.180000000000000382e-01
8.953333333333333144e-01
8.833333333333333037e-01
8.926666666666667194e-01
9.133333333333333304e-01
8.386666666666666714e-01
9.286666666666666403e-01
8.699999999999999956e-01
8.866666666666667140e-01
9.060000000000000275e-01
9.140000000000000346e-01
9.040000000000000258e-01
9.206666666666666332e-01
9.080000000000000293e-01
8.933333333333333126e-01
8.920000000000000151e-01
8.619999999999999885e-01
8.793333333333333002e-01
8.453333333333332700e-01
8.913333333333333108e-01
9.180000000000000382e-01
8.626666666666666927e-01
8.260000000000000675e-01
8.820000000000000062e-01
7.713333333333333153e-01
9.000000000000000222e-01
7.506666666666667043e-01
8.693333333333332913e-01
8.933333333333333126e-01
8.813333333333333020e-01
8.319999999999999618e-01
8.800000000000000044e-01
8.900000000000000133e-01
8.599999999999999867e-01
8.766666666666667052e-01
6.233333333333332948e-01
8.653333333333332877e-01
8.513333333333333863e-01
8.466666666666666785e-01
8.513333333333333863e-01
7.006666666666666599e-01
8.046666666666666412e-01
8.773333333333332984e-01
7.626666666666667149e-01
7.540000000000000036e-01
8.813333333333333020e-01
8.366666666666666696e-01
7.880000000000000338e-01
8.586666666666666892e-01
8.386666666666666714e-01
9.013333333333333197e-01
8.719999999999999973e-01
8.686666666666666980e-01
8.633333333333332860e-01
8.526666666666666838e-01
