9.327999999999999625e-01
9.252000000000000224e-01
9.497999999999999776e-01
9.250000000000000444e-01
9.235999999999999766e-01
9.357999999999999652e-01
9.274000000000000021e-01
9.474000000000000199e-01
9.539999999999999591e-01
9.519999999999999574e-01
9.469999999999999529e-01
9.332000000000000295e-01
9.280000000000000471e-01
9.322000000000000286e-01
9.465999999999999970e-01
9.240000000000000435e-01
9.370000000000000551e-01
9.314000000000000057e-01
9.492000000000000437e-01
9.314000000000000057e-01
8.778000000000000247e-01
9.325999999999999845e-01
9.247999999999999554e-01
9.280000000000000471e-01
9.250000000000000444e-01
9.272000000000000242e-01
9.065999999999999615e-01
9.197999999999999510e-01
9.274000000000000021e-01
9.230000000000000426e-01
9.295999999999999819e-01
9.307999999999999607e-01
9.295999999999999819e-01
9.412000000000000366e-01
9.227999999999999536e-01
9.197999999999999510e-01
9.252000000000000224e-01
9.447999999999999732e-01
9.334000000000000075e-01
9.412000000000000366e-01
9.382000000000000339e-01
9.232000000000000206e-01
9.053999999999999826e-01
9.113999999999999879e-01
9.108000000000000540e-01
9.170000000000000373e-01
9.093999999999999861e-01
9.165999999999999703e-01
8.960000000000000187e-01
9.213999999999999968e-01
9.335999999999999854e-01
9.220000000000000417e-01
9.113999999999999879e-01
9.185999999999999721e-01
9.213999999999999968e-01
9.177999999999999492e-01
9.020000000000000240e-01
9.237999999999999545e-01
9.157999999999999474e-01
9.135999999999999677e-01
8.586000000000000298e-01
9.010000000000000231e-01
7.716000000000000636e-01
9.132000000000000117e-01
9.115999999999999659e-01
8.761999999999999789e-01
8.846000000000000529e-01
9.233999999999999986e-01
8.988000000000000433e-01
9.010000000000000231e-01
9.217999999999999527e-01
9.063999999999999835e-01
7.763999999999999790e-01
8.591999999999999638e-01
9.030000000000000249e-01
9.012000000000000011e-01
9.082000000000000073e-01
7.773999999999999799e-01
9.040000000000000258e-01
5.198000000000000398e-01
7.945999999999999730e-01
8.626000000000000334e-01
8.846000000000000529e-01
7.810000000000000275e-01
8.928000000000000380e-01
6.682000000000000162e-01
8.868000000000000327e-01
8.988000000000000433e-01
7.995999999999999774e-01
9.032000000000000028e-01
7.154000000000000359e-01
8.286000000000000032e-01
8.638000000000000123e-01
7.772000000000000020e-01
8.002000000000000224e-01
8.629999999999999893e-01
8.878000000000000336e-01
8.524000000000000465e-01
8.796000000000000485e-01
8.873999999999999666e-01
